header:
  seq: 743411
  stamp:
    secs: 743
    nsecs: 421000000
  frame_id: "odom"
child_frame_id: "base"
pose:
  pose:
    position:
      x: 3.9645642800006664
      y: -6.623541874589956
      z: 0.3137901353267996
    orientation:
      x: -0.012402391875844156
      y: -0.001833252951678378
      z: -0.6647919017081989
      w: 0.7469233878267367
  covariance: [0.0, 0.0, 0.0, 0.0, 0.0, 0.0, 0.0, 0.0, 0.0, 0.0, 0.0, 0.0, 0.0, 0.0, 0.0, 0.0, 0.0, 0.0, 0.0, 0.0, 0.0, 0.0, 0.0, 0.0, 0.0, 0.0, 0.0, 0.0, 0.0, 0.0, 0.0, 0.0, 0.0, 0.0, 0.0, 0.0]
twist:
  twist:
    linear:
      x: 2.447175286380832e-05
      y: 5.0293214078383826e-05
      z: -0.0002669661087492093
    angular:
      x: 0.00016914679851324702
      y: 7.876233238656005e-05
      z: -0.00012348876632508568
  covariance: [0.0, 0.0, 0.0, 0.0, 0.0, 0.0, 0.0, 0.0, 0.0, 0.0, 0.0, 0.0, 0.0, 0.0, 0.0, 0.0, 0.0, 0.0, 0.0, 0.0, 0.0, 0.0, 0.0, 0.0, 0.0, 0.0, 0.0, 0.0, 0.0, 0.0, 0.0, 0.0, 0.0, 0.0, 0.0, 0.0]
---
