header:
  seq: 710771
  stamp:
    secs: 710
    nsecs: 781000000
  frame_id: "odom"
child_frame_id: "base"
pose:
  pose:
    position:
      x: 3.90177593167959
      y: -5.796874174108486
      z: 0.31204406231969434
    orientation:
      x: 0.012881999370203985
      y: 0.0007201755556690402
      z: 0.29105331192857686
      w: -0.9566198330866873
  covariance: [0.0, 0.0, 0.0, 0.0, 0.0, 0.0, 0.0, 0.0, 0.0, 0.0, 0.0, 0.0, 0.0, 0.0, 0.0, 0.0, 0.0, 0.0, 0.0, 0.0, 0.0, 0.0, 0.0, 0.0, 0.0, 0.0, 0.0, 0.0, 0.0, 0.0, 0.0, 0.0, 0.0, 0.0, 0.0, 0.0]
twist:
  twist:
    linear:
      x: -5.113639212309868e-07
      y: 1.4022024257755219e-05
      z: -0.00021173099405182253
    angular:
      x: -0.00047824950425258406
      y: 0.00020106188519350383
      z: -6.274924696861357e-05
  covariance: [0.0, 0.0, 0.0, 0.0, 0.0, 0.0, 0.0, 0.0, 0.0, 0.0, 0.0, 0.0, 0.0, 0.0, 0.0, 0.0, 0.0, 0.0, 0.0, 0.0, 0.0, 0.0, 0.0, 0.0, 0.0, 0.0, 0.0, 0.0, 0.0, 0.0, 0.0, 0.0, 0.0, 0.0, 0.0, 0.0]
---
