header:
  seq: 601598
  stamp:
    secs: 601
    nsecs: 608000000
  frame_id: "odom"
child_frame_id: "base"
pose:
  pose:
    position:
      x: 3.8959574196188926
      y: -5.795964969729872
      z: 0.3133500183668328
    orientation:
      x: 0.011329895982595189
      y: 0.003704404097377661
      z: 0.2921701828983292
      w: -0.9562920553222556
  covariance: [0.0, 0.0, 0.0, 0.0, 0.0, 0.0, 0.0, 0.0, 0.0, 0.0, 0.0, 0.0, 0.0, 0.0, 0.0, 0.0, 0.0, 0.0, 0.0, 0.0, 0.0, 0.0, 0.0, 0.0, 0.0, 0.0, 0.0, 0.0, 0.0, 0.0, 0.0, 0.0, 0.0, 0.0, 0.0, 0.0]
twist:
  twist:
    linear:
      x: -3.660951762073572e-05
      y: 3.876468359456796e-05
      z: -0.00022923708191275674
    angular:
      x: -0.0003457513737214468
      y: 0.0002225094951886278
      z: -9.795592737088867e-05
  covariance: [0.0, 0.0, 0.0, 0.0, 0.0, 0.0, 0.0, 0.0, 0.0, 0.0, 0.0, 0.0, 0.0, 0.0, 0.0, 0.0, 0.0, 0.0, 0.0, 0.0, 0.0, 0.0, 0.0, 0.0, 0.0, 0.0, 0.0, 0.0, 0.0, 0.0, 0.0, 0.0, 0.0, 0.0, 0.0, 0.0]
---
