header:
  seq: 373556
  stamp:
    secs: 373
    nsecs: 560000000
  frame_id: "odom"
child_frame_id: "base"
pose:
  pose:
    position:
      x: -0.37173470605778297
      y: -3.805596881444504
      z: 0.31347733386513266
    orientation:
      x: 0.011964001021146052
      y: -0.0022265151421300105
      z: 0.7522835688296096
      w: -0.6587270583321092
  covariance: [0.0, 0.0, 0.0, 0.0, 0.0, 0.0, 0.0, 0.0, 0.0, 0.0, 0.0, 0.0, 0.0, 0.0, 0.0, 0.0, 0.0, 0.0, 0.0, 0.0, 0.0, 0.0, 0.0, 0.0, 0.0, 0.0, 0.0, 0.0, 0.0, 0.0, 0.0, 0.0, 0.0, 0.0, 0.0, 0.0]
twist:
  twist:
    linear:
      x: 3.721083145547517e-05
      y: 2.0620835914578617e-05
      z: -0.0002280860771424946
    angular:
      x: 0.0003700201291386946
      y: 0.00013715128930676362
      z: -3.070544344515073e-05
  covariance: [0.0, 0.0, 0.0, 0.0, 0.0, 0.0, 0.0, 0.0, 0.0, 0.0, 0.0, 0.0, 0.0, 0.0, 0.0, 0.0, 0.0, 0.0, 0.0, 0.0, 0.0, 0.0, 0.0, 0.0, 0.0, 0.0, 0.0, 0.0, 0.0, 0.0, 0.0, 0.0, 0.0, 0.0, 0.0, 0.0]
---
