header:
  seq: 397048
  stamp:
    secs: 397
    nsecs:  55000000
  frame_id: "odom"
child_frame_id: "base"
pose:
  pose:
    position:
      x: -0.48960098657333095
      y: -4.81097795950655
      z: 0.3137763482592618
    orientation:
      x: 0.011925053236798322
      y: 0.0014688253924335472
      z: 0.7100115753157333
      w: -0.7040874935510052
  covariance: [0.0, 0.0, 0.0, 0.0, 0.0, 0.0, 0.0, 0.0, 0.0, 0.0, 0.0, 0.0, 0.0, 0.0, 0.0, 0.0, 0.0, 0.0, 0.0, 0.0, 0.0, 0.0, 0.0, 0.0, 0.0, 0.0, 0.0, 0.0, 0.0, 0.0, 0.0, 0.0, 0.0, 0.0, 0.0, 0.0]
twist:
  twist:
    linear:
      x: 2.637348918876127e-05
      y: 4.03620093364448e-05
      z: -0.00026703212576529895
    angular:
      x: 0.00030856911386049814
      y: 9.029535609129901e-05
      z: 0.00015452524609381728
  covariance: [0.0, 0.0, 0.0, 0.0, 0.0, 0.0, 0.0, 0.0, 0.0, 0.0, 0.0, 0.0, 0.0, 0.0, 0.0, 0.0, 0.0, 0.0, 0.0, 0.0, 0.0, 0.0, 0.0, 0.0, 0.0, 0.0, 0.0, 0.0, 0.0, 0.0, 0.0, 0.0, 0.0, 0.0, 0.0, 0.0]
---
