header:
  seq: 431479
  stamp:
    secs: 431
    nsecs: 486000000
  frame_id: "odom"
child_frame_id: "base"
pose:
  pose:
    position:
      x: -0.4888648878410031
      y: -4.812487170395587
      z: 0.31330078334972866
    orientation:
      x: 0.012088601048555261
      y: 0.000252292117986602
      z: 0.7093000010764244
      w: -0.7048030296092379
  covariance: [0.0, 0.0, 0.0, 0.0, 0.0, 0.0, 0.0, 0.0, 0.0, 0.0, 0.0, 0.0, 0.0, 0.0, 0.0, 0.0, 0.0, 0.0, 0.0, 0.0, 0.0, 0.0, 0.0, 0.0, 0.0, 0.0, 0.0, 0.0, 0.0, 0.0, 0.0, 0.0, 0.0, 0.0, 0.0, 0.0]
twist:
  twist:
    linear:
      x: 1.2402684567814347e-05
      y: 2.767140340305704e-05
      z: -0.0002572987260335883
    angular:
      x: 0.0002964766699262348
      y: 3.453993268651209e-05
      z: -3.794246118767238e-05
  covariance: [0.0, 0.0, 0.0, 0.0, 0.0, 0.0, 0.0, 0.0, 0.0, 0.0, 0.0, 0.0, 0.0, 0.0, 0.0, 0.0, 0.0, 0.0, 0.0, 0.0, 0.0, 0.0, 0.0, 0.0, 0.0, 0.0, 0.0, 0.0, 0.0, 0.0, 0.0, 0.0, 0.0, 0.0, 0.0, 0.0]
---
