header:
  seq: 386851
  stamp:
    secs: 386
    nsecs: 857000000
  frame_id: "odom"
child_frame_id: "base"
pose:
  pose:
    position:
      x: -0.3729758283374454
      y: -3.8112266660988183
      z: 0.3138673170734236
    orientation:
      x: 0.0141843713996022
      y: -0.0034623920947634357
      z: 0.7531682626085869
      w: -0.6576658601814017
  covariance: [0.0, 0.0, 0.0, 0.0, 0.0, 0.0, 0.0, 0.0, 0.0, 0.0, 0.0, 0.0, 0.0, 0.0, 0.0, 0.0, 0.0, 0.0, 0.0, 0.0, 0.0, 0.0, 0.0, 0.0, 0.0, 0.0, 0.0, 0.0, 0.0, 0.0, 0.0, 0.0, 0.0, 0.0, 0.0, 0.0]
twist:
  twist:
    linear:
      x: 3.0337154301728642e-05
      y: 3.209200230761849e-05
      z: -0.0002617123066567333
    angular:
      x: 5.6485483808450156e-05
      y: 4.986185491848266e-05
      z: 1.4125305770682948e-05
  covariance: [0.0, 0.0, 0.0, 0.0, 0.0, 0.0, 0.0, 0.0, 0.0, 0.0, 0.0, 0.0, 0.0, 0.0, 0.0, 0.0, 0.0, 0.0, 0.0, 0.0, 0.0, 0.0, 0.0, 0.0, 0.0, 0.0, 0.0, 0.0, 0.0, 0.0, 0.0, 0.0, 0.0, 0.0, 0.0, 0.0]
---
