header:
  seq: 309974
  stamp:
    secs: 309
    nsecs: 978000000
  frame_id: "odom"
child_frame_id: "base"
pose:
  pose:
    position:
      x: -0.10516680579105439
      y: -2.7817634638245563
      z: 0.31439974524554315
    orientation:
      x: 0.011755046539253257
      y: -0.0026469357234295845
      z: 0.7979216055305767
      w: -0.6026407918815674
  covariance: [0.0, 0.0, 0.0, 0.0, 0.0, 0.0, 0.0, 0.0, 0.0, 0.0, 0.0, 0.0, 0.0, 0.0, 0.0, 0.0, 0.0, 0.0, 0.0, 0.0, 0.0, 0.0, 0.0, 0.0, 0.0, 0.0, 0.0, 0.0, 0.0, 0.0, 0.0, 0.0, 0.0, 0.0, 0.0, 0.0]
twist:
  twist:
    linear:
      x: -3.094499978749311e-05
      y: -2.374213874045844e-05
      z: -0.0003005057064051454
    angular:
      x: 0.0006985692155480147
      y: -0.00011076016220619526
      z: -0.00028246881168727525
  covariance: [0.0, 0.0, 0.0, 0.0, 0.0, 0.0, 0.0, 0.0, 0.0, 0.0, 0.0, 0.0, 0.0, 0.0, 0.0, 0.0, 0.0, 0.0, 0.0, 0.0, 0.0, 0.0, 0.0, 0.0, 0.0, 0.0, 0.0, 0.0, 0.0, 0.0, 0.0, 0.0, 0.0, 0.0, 0.0, 0.0]
---
