header:
  seq: 268640
  stamp:
    secs: 268
    nsecs: 644000000
  frame_id: "odom"
child_frame_id: "base"
pose:
  pose:
    position:
      x: -0.10426019460382092
      y: -2.7783432105506267
      z: 0.31495850089967564
    orientation:
      x: 0.011455303768789624
      y: -0.0017783867449867978
      z: 0.7970910602285776
      w: -0.6037478406253989
  covariance: [0.0, 0.0, 0.0, 0.0, 0.0, 0.0, 0.0, 0.0, 0.0, 0.0, 0.0, 0.0, 0.0, 0.0, 0.0, 0.0, 0.0, 0.0, 0.0, 0.0, 0.0, 0.0, 0.0, 0.0, 0.0, 0.0, 0.0, 0.0, 0.0, 0.0, 0.0, 0.0, 0.0, 0.0, 0.0, 0.0]
twist:
  twist:
    linear:
      x: -1.4636043629504487e-06
      y: -2.8326712240432e-05
      z: -0.0003294044389360192
    angular:
      x: 0.0005317506647590882
      y: 4.100543906893077e-05
      z: -0.0003229298079958212
  covariance: [0.0, 0.0, 0.0, 0.0, 0.0, 0.0, 0.0, 0.0, 0.0, 0.0, 0.0, 0.0, 0.0, 0.0, 0.0, 0.0, 0.0, 0.0, 0.0, 0.0, 0.0, 0.0, 0.0, 0.0, 0.0, 0.0, 0.0, 0.0, 0.0, 0.0, 0.0, 0.0, 0.0, 0.0, 0.0, 0.0]
---
