header:
  seq: 319469
  stamp:
    secs: 319
    nsecs: 473000000
  frame_id: "odom"
child_frame_id: "base"
pose:
  pose:
    position:
      x: -0.37250915328425116
      y: -3.8020345148543786
      z: 0.3141223344211094
    orientation:
      x: 0.011540944459706002
      y: 0.0006432245030811824
      z: 0.7535433106728847
      w: -0.6572966391237407
  covariance: [0.0, 0.0, 0.0, 0.0, 0.0, 0.0, 0.0, 0.0, 0.0, 0.0, 0.0, 0.0, 0.0, 0.0, 0.0, 0.0, 0.0, 0.0, 0.0, 0.0, 0.0, 0.0, 0.0, 0.0, 0.0, 0.0, 0.0, 0.0, 0.0, 0.0, 0.0, 0.0, 0.0, 0.0, 0.0, 0.0]
twist:
  twist:
    linear:
      x: 3.249272408982857e-05
      y: 1.1455375808622404e-05
      z: -0.00030234034584392734
    angular:
      x: 0.000661960989860595
      y: 0.00019772327347936797
      z: 0.0002634218369637473
  covariance: [0.0, 0.0, 0.0, 0.0, 0.0, 0.0, 0.0, 0.0, 0.0, 0.0, 0.0, 0.0, 0.0, 0.0, 0.0, 0.0, 0.0, 0.0, 0.0, 0.0, 0.0, 0.0, 0.0, 0.0, 0.0, 0.0, 0.0, 0.0, 0.0, 0.0, 0.0, 0.0, 0.0, 0.0, 0.0, 0.0]
---
