header:
  seq: 217171
  stamp:
    secs: 217
    nsecs: 175000000
  frame_id: "odom"
child_frame_id: "base"
pose:
  pose:
    position:
      x: -0.05074821756037736
      y: -2.78394598168606
      z: 0.3141670120588748
    orientation:
      x: -0.006492622824427066
      y: 0.010749788995774306
      z: -0.9926618062898057
      w: -0.12026980593177379
  covariance: [0.0, 0.0, 0.0, 0.0, 0.0, 0.0, 0.0, 0.0, 0.0, 0.0, 0.0, 0.0, 0.0, 0.0, 0.0, 0.0, 0.0, 0.0, 0.0, 0.0, 0.0, 0.0, 0.0, 0.0, 0.0, 0.0, 0.0, 0.0, 0.0, 0.0, 0.0, 0.0, 0.0, 0.0, 0.0, 0.0]
twist:
  twist:
    linear:
      x: -2.1699612379696786e-07
      y: 1.1974282001876807e-05
      z: -0.00028578794901497367
    angular:
      x: 0.00034044545392278487
      y: -0.00034698791446061757
      z: -8.656410034923515e-05
  covariance: [0.0, 0.0, 0.0, 0.0, 0.0, 0.0, 0.0, 0.0, 0.0, 0.0, 0.0, 0.0, 0.0, 0.0, 0.0, 0.0, 0.0, 0.0, 0.0, 0.0, 0.0, 0.0, 0.0, 0.0, 0.0, 0.0, 0.0, 0.0, 0.0, 0.0, 0.0, 0.0, 0.0, 0.0, 0.0, 0.0]
---
